'avalanche_percent': 0.50539, 'mean': 101.078}

'key_sensitivity_percent': 0.50831, 'mean': 101.662



{'avalanche': {'results': [90, 107, 100, 101, 110, 103, 98, 111, 110, 101, 103, 101, 111, 105, 110, 97, 104, 106, 105, 94, 107, 111, 88, 84, 106, 112, 106, 108, 98, 108, 102, 103, 103, 96, 114, 101, 107, 107, 90, 94, 97, 94, 93, 105, 119, 102, 94, 108, 100, 97, 99, 92, 107, 121, 102, 97, 98, 92, 95, 97, 99, 98, 106, 93, 96, 98, 104, 104, 85, 115, 98, 111, 109, 114, 111, 103, 94, 116, 92, 98, 105, 101, 107, 92, 92, 103, 86, 102, 97, 92, 104, 104, 100, 103, 94, 109, 93, 113, 95, 98, 99, 100, 103, 111, 115, 108, 105, 109, 104, 98, 105, 100, 98, 89, 106, 105, 102, 99, 107, 106, 101, 121, 95, 101, 104, 103, 79, 106, 108, 100, 91, 107, 103, 98, 106, 105, 119, 111, 87, 120, 104, 98, 108, 104, 87, 93, 98, 102, 91, 90, 90, 92, 102, 93, 96, 105, 92, 96, 105, 96, 108, 92, 100, 94, 114, 106, 94, 92, 103, 102, 100, 104, 90, 93, 97, 97, 91, 95, 86, 108, 109, 105, 94, 116, 81, 88, 98, 98, 113, 96, 105, 100, 110, 94, 92, 99, 97, 95, 103, 101, 103, 104, 98, 97, 87, 97, 103, 104, 101, 96, 91, 93, 98, 100, 114, 103, 99, 98, 96, 97, 95, 114, 107, 104, 92, 98, 104, 104, 115, 
96, 113, 99, 90, 106, 119, 104, 113, 108, 106, 102, 102, 103, 89, 104, 91, 108, 109, 91, 99, 97, 108, 96, 97, 89, 95, 95, 98, 105, 92, 109, 103, 114, 116, 109, 83, 101, 94, 107, 108, 95, 117, 97, 93, 106, 95, 111, 102, 95, 103, 95, 100, 100, 99, 113, 113, 105, 107, 103, 93, 116, 96, 108, 91, 106, 99, 105, 105, 88, 88, 105, 87, 95, 98, 116, 107, 100, 106, 100, 103, 91, 97, 111, 96, 112, 99, 103, 99, 108, 102, 114, 94, 112, 90, 103, 103, 98, 100, 96, 101, 115, 99, 109, 99, 107, 82, 98, 95, 99, 98, 107, 97, 111, 90, 118, 101, 116, 83, 96, 100, 101, 105, 100, 108, 100, 103, 101, 107, 89, 108, 100, 104, 102, 107, 87, 98, 90, 97, 95, 98, 98, 102, 93, 102, 105, 106, 110, 90, 102, 119, 95, 109, 96, 94, 102, 103, 101, 100, 108, 104, 94, 102, 111, 104, 100, 89, 106, 110, 104, 91, 101, 116, 105, 107, 101, 103, 92, 96, 100, 96, 106, 93, 106, 103, 106, 98, 99, 109, 95, 111, 110, 110, 103, 104, 106, 94, 111, 93, 99, 95, 108, 95, 97, 107, 105, 103, 105, 110, 90, 94, 117, 105, 107, 94, 95, 95, 113, 105, 102, 99, 99, 102, 99, 97, 106, 107, 99, 93, 102, 91, 86, 94, 106, 83, 111, 110, 98, 102, 106, 107, 86, 109, 93, 90, 109, 88, 96, 105, 99, 105, 104, 92, 99, 113, 98, 89, 113, 100, 101, 88, 106, 101, 110, 104, 102, 100, 104, 104, 106, 95, 87], 'avalanche_percent': 0.50539, 'mean': 101.078}, 'key_sensitivity': {'results': [104, 103, 102, 98, 107, 107, 101, 100, 105, 92, 96, 
107, 108, 111, 96, 98, 96, 103, 95, 97, 91, 105, 115, 106, 89, 112, 101, 97, 92, 100, 101, 95, 101, 104, 105, 103, 100, 100, 99, 95, 106, 115, 91, 105, 110, 95, 91, 104, 103, 104, 107, 105, 102, 91, 98, 109, 112, 112, 97, 101, 95, 113, 113, 104, 106, 96, 94, 99, 107, 123, 106, 107, 99, 112, 103, 112, 98, 
112, 97, 94, 108, 109, 91, 108, 104, 82, 116, 104, 109, 99, 106, 96, 87, 118, 96, 111, 91, 94, 107, 108, 96, 99, 88, 120, 109, 107, 96, 103, 95, 91, 102, 91, 95, 110, 100, 94, 95, 98, 100, 104, 99, 102, 101, 121, 92, 97, 103, 96, 100, 101, 105, 92, 120, 105, 94, 96, 103, 110, 99, 112, 111, 96, 102, 102, 104, 97, 97, 89, 95, 98, 100, 102, 106, 105, 108, 104, 100, 102, 106, 99, 108, 101, 97, 91, 105, 111, 109, 101, 110, 106, 102, 110, 97, 112, 99, 101, 101, 101, 103, 97, 94, 109, 110, 92, 101, 107, 105, 102, 94, 95, 102, 96, 96, 95, 80, 98, 103, 96, 106, 109, 90, 97, 99, 109, 101, 105, 104, 95, 105, 92, 92, 97, 94, 101, 96, 99, 92, 99, 101, 103, 97, 108, 101, 99, 102, 108, 98, 104, 110, 107, 97, 104, 104, 97, 96, 100, 95, 89, 111, 105, 105, 90, 96, 107, 96, 101, 108, 103, 93, 96, 104, 101, 108, 104, 96, 100, 111, 98, 103, 108, 103, 103, 109, 89, 100, 88, 106, 99, 111, 113, 105, 106, 84, 111, 116, 93, 87, 104, 111, 110, 94, 103, 90, 98, 103, 108, 86, 104, 107, 93, 96, 103, 86, 102, 101, 102, 114, 111, 93, 109, 106, 108, 104, 100, 105, 98, 83, 103, 97, 102, 112, 118, 103, 94, 96, 104, 97, 104, 95, 102, 104, 101, 93, 93, 99, 106, 104, 91, 109, 112, 98, 96, 99, 96, 108, 109, 111, 98, 101, 102, 95, 95, 95, 104, 
109, 105, 81, 103, 103, 110, 104, 99, 95, 110, 104, 95, 102, 112, 112, 112, 112, 102, 95, 100, 100, 86, 109, 93, 101, 105, 113, 93, 102, 109, 93, 95, 100, 97, 98, 92, 96, 118, 100, 113, 104, 87, 98, 114, 100, 99, 93, 106, 104, 103, 85, 106, 103, 107, 106, 117, 97, 100, 96, 107, 86, 106, 109, 107, 104, 106, 107, 106, 91, 103, 108, 100, 93, 110, 99, 100, 97, 102, 111, 99, 103, 97, 104, 102, 111, 97, 102, 107, 104, 94, 96, 95, 100, 92, 109, 110, 115, 107, 100, 110, 105, 112, 92, 107, 118, 96, 109, 105, 105, 109, 88, 101, 110, 102, 103, 96, 87, 117, 106, 104, 96, 101, 106, 112, 102, 92, 103, 95, 111, 95, 94, 
106, 104, 118, 92, 93, 107, 107, 96, 95, 105, 93, 108, 106, 97, 100, 105, 107, 105, 98, 103, 95, 99, 107, 109, 111], 'key_sensitivity_percent': 0.50831, 
'mean': 101.662}}



step generate 10_000 ciphertexts


48!




collision test
bit error


Move-sequence leakage — analyze distributions of A_moves length or specific moves used; they may leak info and be testable with frequency/entropy tests


"Permutation-level tests" Explained

Your ciphertext is a permutation of all stickers, not just a random string of symbols.
So instead of asking "how often does symbol A appear at position i?" (positional test),
a permutation-level test asks:




final tests

Move-Sequence Distribution Test

Positional KL Divergence Test (Uniformity)]












{'0': {'values': ['L', 'L'], 'frequencies': {'L': 1}}, '1': {'values': ["U'", 'U', "'"], 'frequencies': {"U'": 1}}, '2': {'values': ['L', 'L'], 'frequencies': {'L': 1}}, '3': {'values': ["U'", 'U', "'"], 'frequencies': {"U'": 1}}, '4': {'values': ['U', 'U'], 'frequencies': {'U': 1}}, '5': {'values': ['U', 'U'], 'frequencies': {'U': 1}}, '6': {'values': ["R'", 'R', "'"], 'frequencies': {"R'": 1}}, '7': {'values': ['F', 'F'], 'frequencies': {'F': 1}}, '8': 
{'values': ["D'", 'D', "'"], 'frequencies': {"D'": 1}}, '9': {'values': ['R', 'R'], 'frequencies': {'R': 1}}, '10': {'values': ["R'", 'R', "'"], 'frequencies': {"R'": 1}}, '11': {'values': ["R'", 'R', "'"], 'frequencies': {"R'": 1}}, '12': {'values': ["F'", 'F', "'"], 'frequencies': {"F'": 1}}, '13': {'values': ['R', 'R'], 'frequencies': {'R': 1}}, '14': {'values': ['F', 'F'], 'frequencies': {'F': 1}}, '15': {'values': ["L'", 'L', "'"], 'frequencies': {"L'": 1}}, '16': {'values': ["U'", 'U', "'"], 'frequencies': {"U'": 1}}, '17': {'values': ['D', 'D'], 'frequencies': {'D': 1}}, '18': {'values': ['D', 'D'], 'frequencies': {'D': 1}}, '19': {'values': ["L'", 'L', "'"], 'frequencies': {"L'": 1}}, '20': {'values': ["L'", 'L', "'"], 'frequencies': {"L'": 1}}, '21': {'values': ['B', 'B'], 'frequencies': {'B': 1}}, '22': {'values': ['F', 'F'], 'frequencies': {'F': 1}}, '23': {'values': ["U'", 'U', "'"], 'frequencies': {"U'": 1}}, '24': {'values': ['U', 'U'], 'frequencies': {'U': 1}}, '25': {'values': ["B'", 'B', "'"], 'frequencies': {"B'": 1}}, '26': {'values': ["B'", 'B', "'"], 'frequencies': {"B'": 1}}, '27': {'values': ["B'", 'B', "'"], 'frequencies': {"B'": 1}}, '28': {'values': ["F'", 'F', "'"], 'frequencies': {"F'": 1}}, '29': {'values': ['U', 'U'], 'frequencies': {'U': 1}}, '30': {'values': ['B', 'B'], 'frequencies': {'B': 1}}, '31': {'values': ['F', 'F'], 'frequencies': {'F': 1}}, '32': {'values': ['R', 'R'], 'frequencies': {'R': 1}}, '33': {'values': ["F'", 'F', "'"], 'frequencies': {"F'": 1}}, '34': {'values': ['L', 'L'], 'frequencies': {'L': 1}}, '35': {'values': ['L', 'L'], 'frequencies': {'L': 1}}, '36': {'values': ['U', 'U'], 'frequencies': {'U': 1}}, '37': {'values': ['L', 'L'], 'frequencies': {'L': 1}}, '38': {'values': ["R'", 'R', "'"], 'frequencies': {"R'": 1}}, '39': {'values': ['D', 'D'], 'frequencies': {'D': 1}}, '40': {'values': ["D'", 'D', "'"], 'frequencies': {"D'": 1}}, '41': {'values': ["B'", 'B', "'"], 'frequencies': {"B'": 1}}, '42': {'values': ["F'", 'F', "'"], 'frequencies': {"F'": 1}}, '43': {'values': ["U'", 'U', "'"], 'frequencies': {"U'": 1}}, '44': {'values': ["D'", 'D', "'"], 'frequencies': {"D'": 1}}, '45': {'values': ['D', 'D'], 'frequencies': {'D': 1}}, '46': {'values': ['D', 'D'], 'frequencies': {'D': 1}}, '47': {'values': 
['U', 'U'], 'frequencies': {'U': 1}}, '48': {'values': ['U', 'U'], 'frequencies': {'U': 1}}, '49': {'values': ['B', 'B'], 'frequencies': {'B': 1}}}

{'0': {'values': [...], 'frequencies': {...}}, '1': {'values': [...], 'frequencies': {...}}, '2': {'values': [...], 'frequencies': {...}}, '3': {'values': [...], 'frequencies': {...}}, '4': {'values': [...], 'frequencies': {...}}, '5': {'values': [...], 'frequencies': {...}}, '6': {'values': [...], 'frequencies': {...}}, '7': {'values': [...], 'frequencies': {...}}, '8': {'values': [...], 'frequencies': {...}}, '9': {'values': [...], 'frequencies': {...}}, '10': {'values': [...], 'frequencies': {...}}, '11': {'values': [...], 'frequencies': {...}}, '12': {'values': [...], 'frequencies': {...}}, '13': {'values': [...], 'frequencies': {...}}, '14': {'values': [...], 'frequencies': {...}}, '15': {'values': [...], 'frequencies': {...}}, '16': {'values': [...], 'frequencies': {...}}, '17': {'values': [...], 'frequencies': {...}}, '18': {'values': [...], 'frequencies': {...}}, '19': {'values': [...], 'frequencies': {...}}, '20': {'values': [...], 'frequencies': {...}}, '21': {'values': [...], 'frequencies': {...}}, '22': {'values': [...], 'frequencies': {...}}, '23': {'values': [...], 'frequencies': {...}}, '24': {'values': [...], 'frequencies': {...}}, '25': {'values': [...], 'frequencies': {...}}, '26': {'values': [...], 'frequencies': {...}}, '27': {'values': [...], 'frequencies': {...}}, '28': {'values': [...], 'frequencies': {...}}, '29': {'values': [...], 'frequencies': {...}}, '30': {'values': [...], 'frequencies': {...}}, '31': {'values': [...], 'frequencies': {...}}, '32': {'values': [...], 'frequencies': {...}}, '33': {'values': [...], 'frequencies': {...}}, '34': {'values': [...], 'frequencies': {...}}, '35': {'values': [...], 'frequencies': {...}}, '36': {'values': [...], 'frequencies': {...}}, '37': {'values': [...], 'frequencies': {...}}, '38': {'values': [...], 'frequencies': {...}}, '39': {'values': [...], 'frequencies': {...}}, '40': {'values': [...], 'frequencies': {...}}, '41': {'values': [...], 'frequencies': {...}}, '42': {'values': [...], 'frequencies': {...}}, '43': {'values': [...], 'frequencies': {...}}, '44': {'values': [...], 'frequencies': {...}}, '45': {'values': [...], 'frequencies': {...}}, '46': {'values': [...], 'frequencies': {...}}, '47': {'values': [...], 'frequencies': {...}}, '48': {'values': [...], 'frequencies': {...}}, '49': {'values': [...], 'frequencies': {...}}}














natural log
{'mean_kl_divergence': 0.05012313655457914, 'average_length': 48.0, 'position_kl_divergences': [0.05059843532682201, 0.043202629336653, 0.0605378007785606, 0.05080654298923978, 0.0433987066137633, 0.04317830626547606, 0.047420383765030834, 0.04529258863534253, 0.04274825156662745, 0.033521902753333895, 0.044328779439902495, 0.070449984041522, 0.06099352516593441, 0.041400494709167644, 0.05042549029372915, 0.06223356998695462, 0.06707907758959389, 0.05003328757232814, 0.062005821175068296, 0.04956270966705859, 0.04177442630155095, 0.05605937875322235, 0.046079627100793795, 0.03983006987350083, 0.07325010689857837, 0.04418605699860713, 0.05040772393437862, 0.04039021316784833, 0.05464595096757977, 0.037809260836451926, 0.04599627964500712, 0.0347757158976819, 0.055549387459058686, 0.03921840636795716, 0.05086177324230701, 0.061917218705057155, 0.05230928202849414, 0.04679299190871686, 0.04796523645014476, 0.04547992911281982, 0.043097722939296916, 0.05479939260688258, 0.041857293550865135, 0.0674370839164679, 0.071796503592128, 0.04262733166153126, 0.041021805149259, 0.0587560978815022]}
(venv) PS C:\Users\mcaba\Used\MACO\RESEARCH\Proto #2> 


{'mean_kl_divergence': 0.04880532621877942, 'average_length': 48.0, 'position_kl_divergences': [0.057605300033954115, 0.04641942613373019, 0.034269215154217283, 0.04938092667365006, 0.048791152500428474, 0.04148919932702109, 0.04739401783935829, 0.05973163655829249, 0.03167740079586595, 0.05618380970650358, 0.04475358418413387, 0.05024827165990058, 0.03707228243279664, 0.03934727921521956, 0.03995616630769717, 0.04629754905758146, 0.05982788774787663, 0.06952394991049912, 0.0532349001956705, 0.04096337000955325, 0.054829078590551326, 0.05218249580039955, 0.03979345609404882, 0.05091111625488163, 0.05000859362794331, 0.037669307893680275, 0.05194530371719411, 0.04730436761808232, 0.03770961781803815, 0.055749135499197626, 0.05694174297608716, 0.05155393246048551, 0.04622145269662184, 0.05345005599131151, 0.04074328951262701, 0.06425563371745222, 0.05290969957274466, 0.06042976747385498, 0.04330889342153318, 0.0531661872736955, 0.04539611053698214, 0.028468189969631828, 0.052710491899910575, 0.052909848165477266, 0.051799777381117004, 0.07230750484201137, 0.04288758970315025, 0.04092569254875069]}   
(venv) PS C:\Users\mcaba\Used\MACO\RESEARCH\Proto #2> 


positional divergence

{'mean_kl_divergence': 0.0241553284362666, 'average_length': 48.0, 'position_kl_divergences': [0.022817912674806293, 0.01713765682370787, 0.025607795115899768, 0.019004963305598865, 0.041301998447145806, 0.013939933521732499, 0.029681258671904926, 0.028206125797901313, 0.022432827465560964, 0.023998203056457647, 0.02404049225968265, 0.02827290434583213, 0.024457418749848196, 0.031307417278154344, 0.0307130427902241, 0.01583913111804191, 0.019525783760409584, 0.023840698950153005, 0.024518691793364206, 0.023469588425020196, 0.02684928392181654, 0.021815477687782414, 0.020766528399779542, 0.02409184915291811, 0.021829199411251266, 0.022814543288542606, 0.026686897086886548, 0.027977851866535567, 0.030910477378192223, 0.023431024811226532, 0.02052706340085288, 0.01778807022802365, 0.023433195605148092, 0.021975782113895354, 0.0183197493864488, 0.023422067288843332, 0.027953276366623737, 0.02743992685814712, 0.025956294031566927, 0.024672877683101082, 0.021217692526802858, 0.020639040910981163, 0.02331582781485065, 0.012418593529804367, 0.02707570378375331, 0.02866633141607452, 0.028788547980938738, 0.02855874665856269]}


Confusion/diffusion

{'avalanche': {'results': [108, 106, 108, 110, 100, 116, 98, 105, 100, 97, 113, 101, 107, 93, 101, 105, 97, 105, 98, 103, 95, 85, 103, 96, 109, 88, 102, 106, 106, 101, 88, 100, 95, 96, 89, 88, 100, 105, 95, 100, 96, 112, 97, 99, 101, 102, 108, 96, 97, 87, 105, 91, 99, 77, 90, 99, 96, 98, 104, 100, 102, 93, 100, 99, 102, 92, 96, 104, 103, 100, 104, 95, 99, 107, 108, 101, 110, 99, 103, 107, 121, 104, 99, 104, 103, 113, 111, 92, 99, 91, 94, 105, 97, 102, 114, 94, 101, 112, 101, 98, 99, 102, 95, 112, 98, 98, 103, 96, 85, 101, 93, 107, 101, 95, 117, 99, 98, 107, 97, 97, 101, 90, 100, 90, 98, 108, 85, 102, 96, 99, 96, 111, 108, 106, 106, 102, 95, 107, 101, 94, 98, 96, 100, 116, 92, 98, 102, 104, 87, 95, 102, 94, 96, 100, 106, 103, 94, 101, 102, 100, 109, 92, 94, 96, 93, 104, 91, 89, 95, 98, 113, 103, 105, 102, 94, 107, 108, 100, 98, 98, 100, 109, 105, 101, 112, 108, 112, 109, 101, 105, 95, 112, 106, 109, 87, 92, 104, 96, 106, 110, 109, 110, 95, 113, 101, 107, 99, 103, 93, 93, 107, 95, 94, 104, 102, 105, 99, 106, 101, 98, 104, 104, 109, 108, 108, 98, 108, 95, 95, 101, 104, 95, 100, 87, 98, 93, 99, 107, 109, 109, 99, 97, 99, 105, 106, 97, 102, 104, 97, 108, 111, 111, 114, 89, 102, 109, 110, 112, 115, 105, 101, 103, 97, 102, 97, 100, 95, 96, 105, 100, 101, 89, 91, 113, 93, 101, 102, 104, 94, 105, 97, 101, 109, 96, 115, 98, 99, 109, 90, 108, 101, 98, 105, 110, 100, 96, 85, 118, 105, 87, 108, 105, 103, 83, 108, 104, 95, 112, 109, 93, 115, 96, 106, 109, 93, 106, 103, 100, 107, 90, 98, 92, 91, 109, 83, 103, 100, 93, 101, 94, 103, 107, 108, 117, 101, 96, 91, 97, 111, 105, 107, 100, 104, 110, 108, 91, 97, 107, 103, 95, 96, 97, 98, 93, 109, 103, 94, 106, 100, 96, 117, 97, 105, 110, 92, 106, 90, 97, 97, 106, 100, 114, 102, 101, 107, 93, 104, 97, 103, 104, 115, 106, 93, 109, 107, 101, 106, 102, 105, 97, 105, 97, 108, 96, 88, 106, 101, 98, 96, 96, 100, 97, 104, 97, 101, 99, 89, 100, 104, 97, 109, 107, 101, 91, 103, 99, 97, 97, 115, 102, 115, 99, 87, 101, 111, 94, 100, 94, 99, 93, 110, 87, 96, 107, 108, 101, 114, 100, 110, 102, 98, 103, 113, 93, 111, 115, 92, 94, 102, 100, 99, 99, 120, 95, 97, 93, 100, 96, 106, 96, 100, 95, 98, 100, 106, 102, 101, 103, 100, 86, 91, 98, 106, 107, 99, 99, 105, 106, 93, 111, 93, 106, 105, 106, 96, 99, 101, 110, 100, 92, 91, 116, 106, 94, 96, 102, 88, 102, 86, 108, 92, 115, 101, 97, 110, 88, 106, 115, 100, 88, 110, 94, 94, 98, 97, 101, 103, 102, 112, 100, 116, 97, 101, 96, 108, 98, 96, 93, 106, 107, 100, 100, 106, 105, 93, 111, 94, 95, 99, 99, 94, 103, 94, 104, 104, 102, 107, 106, 104, 94, 109, 101, 103, 94, 107, 99, 87, 96, 98, 112, 112, 96, 102, 104, 90, 107, 106, 122, 95, 104, 85, 98, 95, 112, 109, 91, 108, 97, 104, 94, 89, 115, 105, 106, 93, 101, 97, 98, 102, 103, 99, 101, 96, 93, 99, 111, 94, 83, 99, 103, 104, 101, 102, 93, 109, 108, 100, 107, 106, 98, 107, 101, 103, 100, 99, 106, 93, 90, 110, 109, 107, 90, 99, 98, 102, 106, 114, 108, 96, 115, 87, 99, 101, 86, 102, 99, 101, 96, 108, 95, 102, 97, 112, 102, 106, 97, 88, 96, 112, 99, 115, 105, 109, 95, 96, 102, 110, 104, 92, 101, 98, 86, 87, 90, 110, 105, 101, 104, 119, 110, 110, 96, 97, 99, 88, 93, 105, 88, 95, 86, 87, 104, 101, 108, 102, 99, 106, 113, 103, 84, 109, 94, 98, 103, 103, 102, 106, 101, 94, 110, 109, 106, 96, 96, 103, 90, 106, 103, 101, 104, 79, 92, 95, 113, 108, 112, 90, 102, 109, 100, 91, 100, 102, 100, 96, 95, 106, 99, 101, 103, 102, 102, 106, 104, 103, 106, 97, 101, 100, 93, 98, 96, 108, 106, 93, 114, 88, 99, 97, 96, 98, 109, 97, 104, 103, 101, 88, 100, 108, 104, 91, 98, 96, 99, 99, 98, 110, 98, 92, 104, 104, 100, 88, 104, 85, 106, 99, 101, 95, 94, 87, 110, 110, 113, 93, 96, 95, 93, 106, 102, 104, 98, 93, 102, 108, 91, 102, 91, 101, 96, 112, 95, 112, 102, 108, 102, 98, 100, 103, 94, 103, 108, 93, 92, 96, 95, 106, 102, 87, 108, 97, 92, 92, 110, 97, 111, 99, 92, 107, 94, 94, 96, 105, 104, 94, 108, 97, 104, 104, 90, 97, 91, 96, 93, 101, 117, 120, 101, 111, 104, 106, 92, 102, 102, 100, 92, 109, 91, 97, 118, 100, 98, 96, 99, 93, 103, 112, 104, 99, 110, 81, 108, 100, 98, 93, 99, 107, 99, 98, 95, 90, 110, 102, 99, 100, 108, 97, 115, 86, 98, 107, 104, 101, 109, 106, 111, 90, 96, 96, 92, 99, 100, 94, 82, 104, 105, 97, 99, 103, 108, 102, 91, 100, 111, 101, 93, 104, 92, 106, 106, 102, 109, 101, 103, 104, 110, 103, 107, 106, 112, 98, 100, 86, 104, 106, 114, 91, 104, 103, 101, 93, 91, 84, 104, 100, 98, 97, 102, 89, 89, 107, 92, 106, 103, 98, 102, 104, 107, 103, 105, 108, 99, 99, 113, 94, 90, 85, 96, 98, 92, 110, 101, 106, 95, 92, 109, 103, 116, 101, 93, 121, 104, 111, 106, 100, 106, 106, 89, 111, 95, 99, 105, 97, 102, 104, 102, 96, 105, 113, 99], 'avalanche_percent': 0.50387, 'mean': 100.774}, 'key_sensitivity': {'results': [102, 89, 100, 100, 107, 92, 108, 94, 99, 108, 100, 97, 109, 102, 93, 112, 103, 92, 115, 104, 100, 94, 103, 108, 102, 100, 101, 107, 97, 94, 109, 90, 103, 106, 102, 107, 99, 101, 101, 116, 104, 88, 106, 104, 107, 95, 99, 100, 108, 92, 108, 104, 91, 92, 105, 100, 103, 97, 89, 100, 96, 93, 102, 102, 97, 106, 95, 109, 100, 98, 97, 90, 108, 99, 104, 94, 100, 110, 96, 78, 101, 92, 94, 87, 94, 113, 82, 91, 104, 121, 103, 104, 111, 98, 100, 101, 98, 100, 96, 97, 99, 112, 106, 107, 106, 100, 110, 107, 109, 111, 103, 96, 99, 90, 102, 94, 90, 109, 99, 102, 101, 110, 115, 108, 104, 103, 114, 88, 117, 99, 105, 99, 104, 91, 99, 104, 94, 84, 91, 97, 106, 91, 93, 98, 107, 92, 104, 102, 105, 100, 98, 109, 103, 96, 103, 97, 96, 101, 91, 102, 102, 102, 105, 105, 99, 93, 110, 101, 95, 106, 84, 100, 94, 112, 117, 99, 109, 104, 108, 107, 98, 100, 94, 104, 111, 100, 111, 103, 114, 100, 88, 94, 109, 115, 110, 106, 100, 99, 100, 96, 93, 104, 95, 99, 105, 98, 97, 96, 100, 102, 106, 95, 93, 97, 96, 100, 96, 99, 105, 110, 93, 106, 97, 108, 98, 99, 101, 116, 95, 99, 103, 93, 92, 93, 95, 101, 115, 98, 110, 118, 98, 90, 96, 94, 93, 93, 97, 102, 104, 107, 93, 97, 109, 89, 96, 96, 104, 107, 119, 100, 105, 103, 106, 103, 104, 103, 106, 98, 97, 92, 102, 103, 103, 101, 99, 90, 95, 99, 103, 92, 102, 98, 107, 93, 97, 111, 108, 107, 93, 87, 102, 100, 103, 102, 112, 107, 91, 95, 114, 99, 123, 96, 86, 106, 96, 101, 100, 109, 109, 93, 104, 95, 103, 102, 113, 103, 100, 89, 98, 106, 100, 105, 103, 99, 103, 99, 100, 110, 91, 98, 97, 103, 107, 92, 91, 109, 92, 107, 101, 100, 106, 99, 104, 105, 105, 90, 99, 104, 110, 93, 98, 97, 110, 102, 104, 99, 96, 85, 115, 97, 97, 102, 89, 94, 99, 92, 92, 102, 106, 116, 105, 100, 101, 90, 107, 100, 87, 86, 110, 87, 93, 102, 106, 105, 94, 108, 91, 101, 108, 83, 90, 92, 109, 99, 101, 89, 99, 103, 106, 92, 101, 114, 100, 109, 106, 108, 97, 101, 101, 106, 100, 100, 108, 96, 105, 97, 101, 111, 85, 102, 99, 114, 101, 100, 114, 107, 113, 107, 99, 105, 99, 95, 83, 114, 98, 104, 106, 105, 102, 100, 98, 80, 101, 102, 96, 107, 103, 105, 117, 101, 93, 102, 90, 106, 110, 84, 96, 96, 116, 98, 106, 111, 99, 90, 101, 95, 107, 115, 109, 108, 98, 94, 110, 96, 93, 96, 99, 92, 106, 92, 92, 102, 106, 99, 106, 94, 98, 99, 106, 105, 102, 93, 105, 96, 98, 91, 85, 112, 91, 110, 98, 100, 104, 85, 90, 97, 89, 109, 110, 108, 96, 87, 103, 114, 97, 110, 115, 93, 96, 112, 96, 96, 104, 88, 98, 98, 102, 98, 108, 106, 89, 109, 92, 104, 113, 99, 85, 104, 111, 101, 92, 96, 112, 95, 98, 113, 109, 104, 106, 105, 101, 102, 99, 96, 89, 109, 93, 105, 96, 107, 102, 116, 105, 93, 101, 102, 94, 104, 108, 106, 89, 99, 109, 108, 96, 94, 96, 94, 99, 101, 109, 97, 94, 99, 95, 103, 98, 99, 106, 101, 111, 110, 95, 106, 101, 92, 108, 111, 105, 104, 113, 103, 98, 98, 100, 101, 99, 98, 88, 101, 98, 113, 111, 91, 95, 103, 116, 112, 111, 109, 105, 94, 85, 101, 107, 104, 94, 103, 103, 97, 97, 95, 97, 98, 92, 95, 101, 103, 100, 102, 102, 110, 95, 108, 104, 103, 103, 105, 102, 112, 104, 101, 112, 94, 92, 115, 119, 98, 100, 112, 108, 100, 109, 98, 107, 107, 106, 95, 109, 105, 105, 107, 97, 100, 97, 100, 98, 108, 86, 95, 103, 106, 98, 105, 96, 106, 108, 114, 99, 98, 110, 99, 97, 116, 91, 99, 103, 105, 98, 97, 105, 99, 98, 112, 100, 110, 102, 92, 107, 99, 98, 109, 110, 103, 97, 101, 106, 109, 97, 97, 99, 106, 103, 94, 100, 104, 99, 100, 105, 86, 94, 108, 110, 99, 103, 95, 97, 114, 107, 100, 96, 105, 95, 100, 102, 94, 93, 94, 96, 101, 112, 103, 104, 98, 109, 99, 100, 98, 98, 115, 100, 98, 114, 99, 99, 105, 96, 111, 114, 94, 95, 95, 104, 93, 108, 108, 113, 106, 107, 95, 93, 108, 93, 100, 99, 104, 101, 94, 97, 96, 110, 95, 114, 107, 109, 108, 95, 102, 97, 89, 111, 117, 109, 90, 97, 93, 91, 87, 112, 115, 102, 106, 88, 95, 87, 104, 95, 102, 98, 96, 95, 86, 95, 102, 108, 103, 107, 103, 110, 95, 118, 104, 86, 109, 109, 110, 104, 103, 116, 103, 94, 100, 96, 110, 96, 106, 94, 107, 95, 103, 94, 105, 99, 86, 100, 107, 114, 93, 96, 104, 98, 93, 92, 102, 94, 109, 101, 83, 105, 99, 105, 103, 96, 81, 99, 108, 94, 96, 111, 99, 109, 93, 107, 96, 101, 97, 101, 97, 101, 101, 100, 100, 97, 113, 102, 100, 94, 112, 104, 107, 105, 109, 100, 98, 75, 91, 95, 111, 86, 93, 105, 98, 98, 99, 95, 98, 82, 95, 101, 94, 106, 94, 109, 99, 102, 86, 109, 99, 102, 98, 116, 108, 95, 101, 100, 93, 97, 97, 110, 101, 101, 98, 111, 92, 101, 107, 83, 107, 93, 111, 103, 112, 109, 103, 104, 99, 106, 114, 96, 107, 108, 120, 116, 97, 92, 96, 106, 108, 108, 92, 110, 121, 101, 99, 93, 97, 101, 98, 97, 95, 100, 107, 92, 109, 99, 111, 130, 98, 112, 95, 97, 100, 98, 94, 93, 118, 96, 104, 107, 101], 'key_sensitivity_percent': 0.5049, 'mean': 100.98}}









log10
{'mean_kl_divergence': 0.022199254983584455, 'average_length': 48.0, 'position_kl_divergences': [0.03144442651126428, 0.014944374869191153, 0.019090923937695077, 0.02257823774746706, 0.025012506272173933, 0.023523802154862383, 0.028722841043943993, 0.02185073930312681, 0.024811234573922043, 0.023639641442133548, 0.023920446323056888, 0.024206786512184178, 0.01889743508086088, 0.030885324987880103, 0.024290021717352766, 0.018114106332103766, 0.018339274195565997, 0.016540511494454953, 0.02897431191477889, 0.022899806380471927, 0.022341973659895507, 0.017754341496073064, 0.028104934856001098, 0.021734832547772125, 0.023501083902697922, 0.020626484777527238, 0.019570425612720502, 0.025076104230915247, 0.01877821654301625, 0.020356730844586102, 0.024897723420430888, 0.022376973319342224, 0.02548744255515972, 0.020573033776324696, 0.01611933826301186, 0.018918042609447606, 0.01972976192520762, 0.02685655407538722, 0.018168529586491254, 0.02750412620822383, 0.02774597590590863, 0.013357892108000455, 0.019173396595575248, 0.020052354664271004, 0.014139823300367902, 0.023288471159942772, 0.02068490716628635, 0.02595801130697883]}





log2
{'mean_kl_divergence': 0.06968256707541394, 'average_length': 48.0, 'position_kl_divergences': [0.08732144448548554, 0.057133272870061313, 0.08194011698734059, 0.052892206781294464, 0.07820868705067774, 0.06625684842186043, 0.07463344155411568, 0.07852860176481725, 0.07358722972738002, 0.10881205431164488, 0.048976751785128884, 0.09026849387536855, 0.06503036514738925, 0.06894318720773596, 0.05686776199275615, 0.03458789365553239, 0.06255831737267817, 0.0609918810704764, 0.07702510308613039, 0.0767941448456793, 0.047529148234057884, 0.05595952500728454, 0.08046470149110135, 0.052929821379593046, 0.0844745269870588, 0.07106313034286424, 0.07372025590656585, 0.05778984058050886, 0.0898110221563375, 0.07316989308750083, 0.09186018655371431, 0.08363940995087782, 0.05665694956493929, 0.06789914181648728, 0.07969876045394374, 0.08525244164079429, 0.08809168618017023, 0.06352394287951248, 0.08009546282898455, 0.05659391277167208, 0.04597906081751683, 0.06971366083590094, 0.06912505977747045, 0.0588337724137606, 0.05691325887212581, 0.0728846415899596, 0.07152393584933885, 0.058208265656273524]}













setup1
positional kl = 'mean_kl_divergence': 0.02551561857733117
confusion = 'key_sensitivity_percent': 0.5049,
diffusion = 'avalanche_percent': 0.50387,


setup2
positional kl = 'mean_kl_divergence': 0.025269601178621093
confusion = 'key_sensitivity_percent': 0.50551
diffusion = 'avalanche_percent': 0.50448

setup3
positional kl = 'mean_kl_divergence': 0.025814149732804718
confusion = 'key_sensitivity_percent': 0.50524,
diffusion = 'avalanche_percent': 0.50709

setup 4
positional kl = 'mean_kl_divergence': 0.02698774159663905
confusion = 'key_sensitivity_percent': 0.5061599999999999,
diffusion = avalanche_percent': 0.5043500000000001,




setup 5
positional kl = 'mean_kl_divergence': 0.026314394158157405
confusion = 'key_sensitivity_percent': 0.506895
diffusion = 'avalanche_percent': 0.505285









